SplitterH.Bottom=1125.000000
ShowFlag3=31
CameraSpeedSetting2=1
PerspectiveCameraRotX0=0.000000
SplitterH.Top=0.000000
PerspectiveCameraRotZ2=0.000000
SplitterV.Left=0.000000
PerspectiveCameraRotZ0=-362.733673
SplitterV.Top=1089.880371
SplitterH.Left=1861.463379
ViewMode3=0
SplitterV.Right=1920.000000
CameraSpeedScalar2=1.000000
SplitterV.Bottom=1113.293457
GridSize2=10.000000
SplitterH.Right=1900.487793
PerspectiveCameraRotX2=0.000000
ShowFlag1=31
CameraSpeedSetting0=1
CameraSpeedScalar0=0.184537
GridSize0=10.000000
PerspectiveCameraRotY2=0.000000
PerspectiveCameraLocX0=-15.478811
PerspectiveCameraLocY0=3.383738
PerspectiveCameraLocZ0=26.014257
PerspectiveCameraLocX2=0.000000
PerspectiveCameraRotY0=19.400288
PerspectiveCameraRotX3=0.000000
CameraSpeedSetting1=1
ShowFlag0=94
bMutiView=0
ViewMode0=2
ViewportType0=0
CameraSpeedScalar1=1.000000
GridSize1=10.000000
PerspectiveCameraRotY3=0.000000
PerspectiveCameraLocX1=0.000000
PerspectiveCameraLocY1=0.000000
PerspectiveCameraLocZ1=0.000000
CameraSpeedSetting3=1
ShowFlag2=31
PerspectiveCameraRotX1=0.000000
PerspectiveCameraLocX3=0.000000
PerspectiveCameraRotY1=0.000000
PerspectiveCameraRotZ1=0.000000
ViewMode1=0
ViewportType1=3
PerspectiveCameraLocY2=0.000000
PerspectiveCameraLocZ2=0.000000
ViewMode2=0
ViewportType2=3
CameraSpeedScalar3=1.000000
GridSize3=10.000000
PerspectiveCameraLocY3=0.000000
PerspectiveCameraLocZ3=0.000000
PerspectiveCameraRotZ3=0.000000
ViewportType3=3
OrthoZoomSize=10.000000
ActiveViewportIndex=0
OrthoPivotX=0.000000
OrthoPivotY=0.000000
OrthoPivotZ=0.000000
