PrimaryV.SplitRatio=0.200000
RightSidebarH.SplitRatio=0.300000
CameraSpeedSetting4=1
CenterRightV.SplitRatio=0.800000
CameraSpeedScalar4=1.000000
PerspectiveCameraLocX4=8.000000
GridSize4=10.000000
PerspectiveCameraLocY4=8.000000
PerspectiveCameraLocZ4=8.000000
PerspectiveCameraRotX4=0.000000
PerspectiveCameraRotY4=45.000000
PerspectiveCameraRotZ4=-135.000000
ShowFlag4=1087
ViewMode4=2
ViewportType4=0
